0,62;63,88
1,23;63,88
1,85;63,88
2,47;63,88
3,08;63,88
3,70;63,88
4,32;63,88
4,93;63,81
5,55;63,81
6,17;63,81
6,78;63,81
7,40;63,81
8,02;63,75
8,64;63,75
9,25;63,75
9,87;63,75
10,49;63,75
11,10;63,69
11,72;63,69
12,34;63,69
12,95;63,69
13,57;63,69
14,19;63,69
14,80;63,69
15,42;63,63
16,04;63,63
16,65;63,63
17,27;63,63
17,89;63,56
18,50;63,56
19,12;63,56
19,74;63,56
20,35;63,56
20,97;63,50
21,59;63,50
22,20;63,50
22,82;63,50
23,44;63,44
24,06;63,44
24,67;63,44
25,29;63,38
25,91;63,38
26,52;63,38
27,14;63,31
27,76;63,31
28,37;63,31
28,99;63,31
29,61;63,31
30,22;63,31
30,84;63,31
31,46;63,25
32,07;63,25
32,69;63,25
33,31;63,25
33,92;63,25
34,54;63,19
35,16;63,19
35,77;63,19
36,39;63,19
37,01;63,19
37,63;63,13
38,24;63,13
38,86;63,13
39,48;63,13
40,09;63,13
40,71;63,13
41,33;63,06
41,94;63,06
42,56;63,06
43,18;63,06
43,79;63,06
44,41;63,06
45,03;63,00
45,64;63,00
46,26;63,00
46,88;63,00
47,49;62,94
48,11;62,94
48,73;62,94
49,34;62,94
49,96;62,94
50,58;62,94
51,19;62,88
51,81;62,88
52,43;62,88
53,05;62,88
53,66;62,81
54,28;62,81
54,90;62,81
55,51;62,81
56,13;62,81
56,75;62,81
57,36;62,81
57,98;62,75
58,60;62,75
59,21;62,75
59,83;62,75
60,45;62,69
61,06;62,69
61,68;62,69
62,30;62,69
62,91;62,69
63,53;62,63
64,15;62,63
64,76;62,63
65,38;62,63
66,00;62,56
66,62;62,56
67,23;62,56
67,85;62,56
68,47;62,56
69,08;62,56
69,70;62,50
70,32;62,50
70,93;62,50
71,55;62,44
72,17;62,50
72,78;62,44
73,40;62,44
74,02;62,44
74,63;62,44
75,25;62,44
75,87;62,44
76,48;62,44
77,10;62,38
77,72;62,38
78,34;62,38
78,95;62,38
79,57;62,31
80,19;62,31
80,80;62,31
81,42;62,31
82,04;62,31
82,65;62,25
83,27;62,25
83,89;62,25
84,50;62,25
85,12;62,25
85,74;62,25
86,35;62,19
86,97;62,19
87,59;62,19
88,21;62,19
88,82;62,19
89,44;62,19
90,06;62,19
90,67;62,13
91,29;62,13
91,91;62,13
92,52;62,13
93,14;62,06
93,76;62,06
94,37;62,06
94,99;62,06
95,61;62,00
96,22;62,00
96,84;62,00
97,46;62,00
98,07;62,00
98,69;62,00
99,31;61,94
99,93;61,94
100,54;61,94
101,16;61,94
101,78;61,88
102,39;61,88
103,01;61,88
103,63;61,88
104,24;61,88
104,86;61,88
105,48;61,81
106,09;61,81
106,71;61,81
107,33;61,81
107,94;61,81
108,56;61,81
109,18;61,75
109,79;61,75
110,41;61,75
111,03;61,75
111,64;61,75
112,26;61,75
112,88;61,75
113,50;61,75
114,11;61,69
114,73;61,69
115,35;61,69
115,96;61,69
116,58;61,69
117,20;61,63
117,81;61,63
118,43;61,63
119,05;61,63
119,66;61,56
120,28;61,56
120,90;61,56
121,51;61,50
122,13;61,50
122,75;61,50
123,36;61,50
123,98;61,50
124,60;61,44
125,22;61,44
125,83;61,44
126,45;61,44
127,07;61,38
127,68;61,38
128,30;61,38
128,92;61,38
129,54;61,38
130,15;61,38
130,77;61,38
131,38;61,31
132,00;61,31
132,62;61,31
133,24;61,31
133,85;61,31
134,47;61,31
135,09;61,25
135,70;61,25
136,32;61,25
136,94;61,19
137,55;61,25
138,17;61,19
138,79;61,19
139,40;61,19
140,02;61,19
140,64;61,19
141,26;61,13
141,87;61,13
142,49;61,13
143,11;61,13
143,72;61,13
144,34;61,13
144,96;61,06
145,57;61,06
146,19;61,06
146,81;61,06
147,42;61,06
148,04;61,00
148,66;61,00
149,27;61,00
149,89;61,00
150,51;60,94
151,13;60,94
151,74;60,94
152,36;60,94
152,98;60,94
153,59;60,94
154,21;60,88
154,83;60,88
155,44;60,88
156,06;60,88
156,68;60,88
157,29;60,88
157,91;60,81
158,53;60,81
159,15;60,81
159,76;60,81
160,38;60,81
161,00;60,75
161,61;60,81
162,23;60,75
162,85;60,75
163,46;60,75
164,08;60,75
164,70;60,69
165,31;60,75
165,93;60,69
166,55;60,69
167,17;60,69
167,78;60,63
168,40;60,63
169,02;60,63
169,63;60,63
170,25;60,63
170,87;60,63
171,48;60,63
172,10;60,63
172,72;60,56
173,33;60,56
173,95;60,56
174,57;60,56
175,19;60,56
175,80;60,50
176,42;60,50
177,04;60,50
177,65;60,50
178,27;60,50
178,89;60,50
179,50;60,50
180,12;60,44
180,74;60,44
181,35;60,44
181,97;60,44
182,59;60,44
183,21;60,38
183,82;60,38
184,44;60,38
185,06;60,38
185,67;60,31
186,29;60,31
186,91;60,31
187,52;60,31
188,14;60,31
188,76;60,31
189,37;60,25
189,99;60,25
190,61;60,25
191,23;60,19
191,84;60,25
192,46;60,19
193,08;60,19
193,69;60,19
194,31;60,19
194,93;60,19
195,54;60,13
196,16;60,13
196,78;60,13
197,39;60,13
198,01;60,13
198,63;60,06
199,24;60,06
199,86;60,06
200,48;60,06
201,10;60,06
201,71;60,00
202,33;60,00
202,95;60,00
203,56;60,00
204,18;60,00
204,80;60,00
205,41;60,00
206,03;59,94
206,65;59,94
207,26;59,94
207,88;59,94
208,50;59,94
209,12;59,94
209,73;59,94
210,35;59,88
210,97;59,88
211,58;59,88
212,20;59,88
212,82;59,88
213,43;59,81
214,05;59,81
214,67;59,81
215,29;59,81
215,90;59,81
216,52;59,81
217,13;59,75
217,75;59,75
218,37;59,75
218,99;59,75
219,60;59,75
220,22;59,69
220,84;59,75
221,45;59,69
222,07;59,69
222,69;59,69
223,30;59,69
223,92;59,63
224,54;59,63
225,16;59,63
225,77;59,63
226,39;59,63
227,01;59,56
227,62;59,56
228,24;59,56
228,86;59,56
229,47;59,56
230,09;59,56
230,71;59,56
231,33;59,56
231,94;59,50
232,56;59,50
233,18;59,50
233,79;59,50
234,41;59,50
235,03;59,44
235,65;59,50
236,26;59,44
236,88;59,44
237,49;59,44
238,11;59,44
238,73;59,44
239,35;59,44
239,96;59,38
240,58;59,38
241,20;59,38
241,81;59,38
242,43;59,38
243,05;59,31
243,66;59,31
244,28;59,31
244,90;59,31
245,52;59,31
246,13;59,25
246,75;59,25
247,37;59,25
247,98;59,25
248,60;59,25
249,22;59,25
249,83;59,19
250,45;59,19
251,07;59,19
251,69;59,19
252,30;59,19
252,92;59,13
253,54;59,19
254,15;59,13
254,77;59,13
255,39;59,13
256,01;59,13
256,62;59,13
257,24;59,13
257,86;59,13
258,47;59,06
259,09;59,06
259,71;59,06
260,32;59,06
260,94;59,06
261,56;59,00
262,17;59,00
262,79;59,00
263,41;59,00
264,02;59,00
264,64;59,00
265,26;58,94
265,88;58,94
266,49;58,94
267,11;58,94
267,73;58,94
268,34;58,94
268,96;58,94
269,58;58,88
270,20;58,88
270,81;58,88
271,43;58,88
272,05;58,88
272,66;58,81
273,28;58,81
273,90;58,81
274,51;58,81
275,13;58,81
275,75;58,81
276,36;58,75
276,98;58,75
277,60;58,75
278,22;58,75
278,83;58,75
279,45;58,75
280,07;58,69
280,68;58,69
281,30;58,69
281,92;58,69
282,54;58,69
283,15;58,69
283,77;58,63
284,39;58,63
285,00;58,63
285,62;58,63
286,24;58,56
286,85;58,56
287,47;58,56
288,09;58,56
288,70;58,56
289,32;58,56
289,94;58,56
290,56;58,56
291,17;58,50
291,79;58,50
292,41;58,50
293,02;58,50
293,64;58,50
294,26;58,50
294,87;58,44
295,49;58,44
296,11;58,44
296,73;58,44
297,34;58,38
297,96;58,44
298,58;58,38
299,19;58,38
299,81;58,38
300,43;58,38
301,04;58,38
301,66;58,38
302,28;58,38
302,89;58,31
303,51;58,31
304,13;58,31
304,75;58,31
305,36;58,31
305,98;58,31
306,60;58,31
307,21;58,25
307,83;58,25
308,45;58,25
309,07;58,25
309,68;58,25
310,30;58,19
310,92;58,19
311,53;58,19
312,15;58,19
312,77;58,19
313,38;58,19
314,00;58,19
314,62;58,13
315,23;58,13
315,85;58,13
316,47;58,13
317,09;58,13
317,70;58,06
318,32;58,13
318,94;58,06
319,55;58,06
320,17;58,06
320,79;58,06
321,40;58,06
322,02;58,00
322,64;58,00
323,26;58,00
323,87;58,00
324,49;58,00
325,11;58,00
325,72;57,94
326,34;57,94
326,96;57,94
327,57;57,94
328,19;57,94
328,81;57,94
329,43;57,94
330,04;57,88
330,66;57,88
331,28;57,88
331,89;57,88
332,51;57,88
333,13;57,88
333,74;57,81
334,36;57,81
334,98;57,81
335,60;57,81
336,21;57,81
336,83;57,81
337,45;57,81
338,06;57,75
338,68;57,75
339,30;57,75
339,92;57,75
340,53;57,75
341,15;57,75
341,77;57,69
342,38;57,69
343,00;57,69
343,62;57,69
344,23;57,69
344,85;57,69
345,47;57,69
346,08;57,63
346,70;57,63
347,32;57,63
347,94;57,63
348,55;57,56
349,17;57,56
349,79;57,56
350,40;57,56
351,02;57,56
351,64;57,56
352,26;57,50
352,87;57,56
353,49;57,50
354,11;57,50
354,72;57,50
355,34;57,50
355,96;57,50
356,58;57,44
357,19;57,44
357,81;57,44
358,43;57,44
359,04;57,44
359,66;57,44
360,28;57,44
360,89;57,38
361,51;57,38
362,13;57,38
362,75;57,38
363,36;57,38
363,98;57,38
364,60;57,31
365,21;57,31
365,83;57,31
366,45;57,31
367,07;57,31
367,68;57,31
368,30;57,31
368,92;57,31
369,53;57,31
370,15;57,31
370,77;57,31
371,38;57,25
372,00;57,25
372,62;57,25
373,24;57,25
373,85;57,25
374,47;57,19
375,09;57,19
375,70;57,19
376,32;57,19
376,94;57,19
377,55;57,19
378,17;57,13
378,79;57,13
379,40;57,13
380,02;57,13
380,64;57,06
381,26;57,06
381,87;57,06
382,49;57,06
383,11;57,06
383,73;57,06
384,34;57,06
384,96;57,06
385,58;57,00
386,19;57,00
386,81;57,00
387,43;57,00
388,05;56,94
388,66;57,00
389,28;57,00
389,89;56,94
390,51;56,94
391,13;56,94
391,75;56,94
392,36;56,94
392,98;56,88
393,60;56,94
394,21;56,88
394,83;56,88
395,45;56,88
396,07;56,88
396,68;56,88
397,30;56,88
397,92;56,81
398,53;56,81
399,15;56,81
399,77;56,81
400,39;56,81
401,00;56,81
401,62;56,75
402,24;56,75
402,85;56,81
403,47;56,75
404,09;56,75
404,70;56,75
405,32;56,75
405,94;56,69
406,55;56,69
407,17;56,69
407,79;56,69
408,41;56,69
409,02;56,69
409,64;56,63
410,26;56,69
410,88;56,63
411,49;56,63
412,11;56,63
412,73;56,63
413,34;56,63
413,96;56,63
414,58;56,56
415,19;56,63
415,81;56,56
416,43;56,56
417,05;56,56
417,66;56,56
418,28;56,56
418,90;56,56
419,51;56,50
420,13;56,50
420,75;56,50
421,36;56,50
421,98;56,50
422,60;56,50
423,22;56,50
423,83;56,50
424,45;56,44
425,07;56,44
425,68;56,44
426,30;56,44
426,92;56,44
427,54;56,38
428,15;56,44
428,77;56,38
429,39;56,38
430,00;56,38
430,62;56,38
431,24;56,31
431,85;56,31
432,47;56,31
433,09;56,31
433,71;56,31
434,32;56,31
434,94;56,31
435,56;56,25
436,17;56,25
436,79;56,25
437,41;56,25
438,02;56,25
438,64;56,25
439,26;56,25
439,88;56,25
440,49;56,25
441,11;56,19
441,73;56,19
442,35;56,19
442,96;56,19
443,58;56,19
444,20;56,19
444,81;56,13
445,43;56,13
446,05;56,13
446,67;56,13
447,28;56,13
447,90;56,13
448,52;56,13
449,13;56,06
449,75;56,06
450,37;56,06
450,98;56,06
451,60;56,06
452,22;56,06
452,84;56,00
453,45;56,00
454,07;56,00
454,69;56,00
455,30;56,00
455,92;56,00
456,54;56,00
457,16;55,94
457,77;55,94
458,39;55,94
459,01;55,94
459,62;55,94
460,24;55,94
460,86;55,94
461,48;55,94
462,09;55,88
462,71;55,88
463,33;55,88
463,95;55,88
464,56;55,88
465,18;55,81
465,80;55,81
466,41;55,81
467,03;55,81
467,65;55,81
468,26;55,81
468,88;55,81
469,50;55,81
470,11;55,81
470,73;55,81
471,35;55,75
471,97;55,81
472,58;55,75
473,20;55,75
473,82;55,75
474,43;55,75
475,05;55,75
475,67;55,69
476,29;55,69
476,90;55,69
477,52;55,69
478,14;55,69
478,76;55,69
479,37;55,69
479,99;55,69
480,61;55,63
481,22;55,63
481,84;55,63
482,46;55,63
483,08;55,63
483,69;55,63
484,31;55,63
484,93;55,56
485,54;55,56
486,16;55,56
486,78;55,56
487,39;55,56
488,01;55,56
488,63;55,56
489,25;55,50
489,86;55,50
490,48;55,50
491,10;55,50
491,71;55,50
492,33;55,50
492,95;55,50
493,57;55,44
494,18;55,44
494,80;55,44
495,42;55,44
496,04;55,44
496,65;55,44
497,27;55,44
497,89;55,44
498,50;55,44
499,12;55,38
499,74;55,38
500,35;55,38
500,97;55,38
501,59;55,38
502,20;55,38
502,82;55,38
503,44;55,38
504,06;55,31
504,67;55,31
505,29;55,31
505,91;55,31
506,53;55,31
507,14;55,25
507,76;55,25
508,38;55,31
508,99;55,25
509,61;55,25
510,23;55,25
510,85;55,25
511,46;55,25
512,08;55,19
512,70;55,19
513,31;55,19
513,93;55,19
514,55;55,19
515,16;55,19
515,78;55,19
516,40;55,19
517,02;55,19
517,63;55,19
518,25;55,13
518,87;55,13
519,48;55,13
520,10;55,13
520,72;55,13
521,34;55,13
521,95;55,13
522,57;55,06
523,19;55,06
523,80;55,06
524,42;55,06
525,04;55,06
525,66;55,06
526,27;55,06
526,89;55,00
527,51;55,00
528,13;55,00
528,74;55,00
529,36;54,94
529,98;55,00
530,59;54,94
531,21;54,94
531,83;54,94
532,45;54,94
533,06;54,94
533,68;54,94
534,30;54,88
534,91;54,88
535,53;54,88
536,15;54,88
536,77;54,88
537,38;54,88
538,00;54,88
538,62;54,88
539,23;54,88
539,85;54,81
540,47;54,81
541,09;54,81
541,70;54,81
542,32;54,81
542,94;54,81
543,55;54,75
544,17;54,75
544,79;54,75
545,41;54,75
546,02;54,75
546,64;54,75
547,26;54,75
547,88;54,69
548,49;54,69
549,11;54,69
549,73;54,69
550,34;54,69
550,96;54,69
551,58;54,69
552,20;54,69
552,81;54,69
553,43;54,69
554,05;54,63
554,66;54,63
555,28;54,63
555,90;54,63
556,52;54,63
557,13;54,63
557,75;54,63
558,37;54,56
558,98;54,56
559,60;54,56
560,22;54,56
560,84;54,56
561,45;54,56
562,07;54,50
562,69;54,56
563,30;54,50
563,92;54,50
564,54;54,50
565,16;54,50
565,77;54,50
566,39;54,50
567,01;54,50
567,63;54,44
568,24;54,44
568,86;54,44
569,48;54,44
570,09;54,44
570,71;54,44
571,33;54,44
571,95;54,38
572,56;54,38
573,18;54,38
573,80;54,38
574,41;54,38
575,03;54,38
575,65;54,38
576,27;54,31
576,88;54,31
577,50;54,31
578,12;54,31
578,73;54,31
579,35;54,31
579,97;54,25
580,59;54,25
581,20;54,25
581,82;54,25
582,44;54,25
583,05;54,25
583,67;54,25
584,29;54,25
584,91;54,19
585,52;54,19
586,14;54,19
586,76;54,19
587,37;54,19
587,99;54,19
588,61;54,19
589,23;54,19
589,84;54,19
590,46;54,13
591,08;54,13
591,70;54,13
592,31;54,13
592,93;54,13
593,55;54,13
594,16;54,13
594,78;54,13
595,40;54,06
596,02;54,06
596,63;54,06
597,25;54,06
597,87;54,06
598,48;54,06
599,10;54,06
599,72;54,06
600,34;54,06
600,95;54,00
601,57;54,00
602,19;54,00
602,80;54,00
603,42;54,00
604,04;53,94
604,66;53,94
605,27;53,94
605,89;53,94
606,51;53,94
607,12;53,94
607,74;53,94
608,36;53,94
608,98;53,94
609,59;53,88
610,21;53,94
610,83;53,88
611,45;53,88
612,06;53,88
612,68;53,88
613,30;53,88
613,91;53,88
614,53;53,88
615,15;53,88
615,77;53,81
616,38;53,81
617,00;53,81
617,62;53,81
618,23;53,81
618,85;53,81
619,47;53,81
620,09;53,81
620,70;53,81
621,32;53,81
621,94;53,75
622,55;53,75
623,17;53,75
623,79;53,75
624,41;53,75
625,02;53,75
625,64;53,75
626,26;53,69
626,87;53,69
627,49;53,69
628,11;53,69
628,73;53,69
629,34;53,69
629,96;53,63
630,58;53,69
631,19;53,69
631,81;53,63
632,43;53,63
633,05;53,63
633,66;53,63
634,28;53,63
634,90;53,63
635,52;53,56
636,13;53,56
636,75;53,56
637,37;53,63
637,98;53,56
638,60;53,56
639,22;53,56
639,84;53,56
640,45;53,56
641,07;53,56
641,69;53,50
642,30;53,50
642,92;53,50
643,54;53,50
644,16;53,50
644,77;53,50
645,39;53,50
646,01;53,44
646,62;53,44
647,24;53,44
647,86;53,44
648,48;53,44
649,09;53,38
649,71;53,38
650,33;53,44
650,95;53,38
651,56;53,38
652,18;53,38
652,80;53,38
653,41;53,38
654,03;53,38
654,65;53,31
655,27;53,31
655,88;53,31
656,50;53,31
657,12;53,31
657,73;53,31
658,35;53,31
658,97;53,31
659,59;53,31
660,20;53,25
660,82;53,25
661,44;53,25
662,06;53,25
662,67;53,25
663,29;53,25
663,91;53,25
664,53;53,19
665,14;53,25
665,76;53,19
666,38;53,19
666,99;53,19
667,61;53,19
668,23;53,19
668,85;53,19
669,46;53,19
670,08;53,13
670,70;53,13
671,32;53,13
671,93;53,13
672,55;53,13
673,17;53,13
673,78;53,13
674,40;53,13
675,02;53,13
675,64;53,06
676,25;53,06
676,87;53,06
677,49;53,06
678,10;53,06
678,72;53,06
679,34;53,06
679,96;53,06
680,57;53,00
681,19;53,00
681,81;53,00
682,42;53,00
683,04;53,00
683,66;53,00
684,28;53,00
684,89;53,00
685,51;53,00
686,13;52,94
686,74;52,94
687,36;52,94
687,98;52,94
688,60;52,94
689,22;52,94
689,83;52,94
690,45;52,88
691,07;52,88
691,68;52,88
692,30;52,88
692,92;52,88
693,54;52,88
694,15;52,88
694,77;52,81
695,39;52,81
696,00;52,81
696,62;52,81
697,24;52,81
697,86;52,81
698,47;52,81
699,09;52,81
699,71;52,81
700,33;52,81
700,94;52,75
701,56;52,75
702,18;52,75
702,79;52,75
703,41;52,75
704,03;52,75
704,65;52,75
705,26;52,75
705,88;52,75
706,50;52,69
707,12;52,69
707,73;52,69
708,35;52,69
708,97;52,69
709,59;52,63
710,20;52,69
710,82;52,63
711,44;52,63
712,05;52,63
712,67;52,63
713,29;52,63
713,91;52,63
714,52;52,56
715,14;52,63
715,76;52,56
716,37;52,63
716,99;52,56
717,61;52,56
718,23;52,56
718,84;52,56
719,46;52,56
720,08;52,50
720,70;52,50
721,31;52,50
721,93;52,50
722,55;52,50
723,16;52,50
723,78;52,50
724,40;52,50
725,02;52,50
725,63;52,44
726,25;52,44
726,87;52,44
727,48;52,44
728,10;52,44
728,72;52,44
729,34;52,44
729,95;52,44
730,57;52,44
731,19;52,38
731,81;52,44
732,42;52,38
733,04;52,38
733,66;52,38
734,27;52,38
734,89;52,38
735,51;52,38
736,13;52,38
736,74;52,31
737,36;52,38
737,98;52,31
738,60;52,31
739,21;52,31
739,83;52,31
740,45;52,31
741,07;52,31
741,68;52,31
742,30;52,25
742,92;52,25
743,53;52,25
744,15;52,25
744,77;52,25
745,39;52,25
746,00;52,25
746,62;52,25
747,24;52,19
747,85;52,19
748,47;52,19
749,09;52,19
749,71;52,19
750,32;52,19
750,94;52,19
751,56;52,19
752,18;52,19
752,79;52,19
753,41;52,19
754,03;52,13
754,65;52,13
755,26;52,13
755,88;52,13
756,50;52,13
757,11;52,13
757,73;52,13
758,35;52,06
758,97;52,06
759,58;52,06
760,20;52,06
760,82;52,06
761,44;52,06
762,05;52,06
762,67;52,06
763,29;52,06
763,91;52,06
764,52;52,00
765,14;52,00
765,76;52,00
766,37;52,00
766,99;52,00
767,61;52,00
768,23;52,00
768,84;51,94
769,46;51,94
770,08;51,94
770,70;51,94
771,31;51,94
771,93;51,94
772,55;51,94
773,16;51,94
773,78;51,94
774,40;51,88
775,02;51,88
775,63;51,88
776,25;51,88
776,87;51,88
777,49;51,88
778,10;51,88
778,72;51,88
779,34;51,88
779,96;51,81
780,57;51,88
781,19;51,81
781,81;51,81
782,42;51,81
783,04;51,81
783,66;51,81
784,28;51,75
784,89;51,81
785,51;51,81
786,13;51,75
786,75;51,75
787,36;51,75
787,98;51,75
788,60;51,75
789,22;51,75
789,83;51,75
790,45;51,75
791,07;51,75
791,68;51,69
792,30;51,69
792,92;51,69
793,54;51,69
794,15;51,69
794,77;51,63
795,39;51,69
796,01;51,63
796,62;51,63
797,24;51,63
797,86;51,63
798,47;51,63
799,09;51,63
799,71;51,63
800,33;51,63
800,94;51,63
801,56;51,56
802,18;51,56
802,80;51,56
803,41;51,56
804,03;51,56
804,65;51,56
805,27;51,56
805,88;51,56
806,50;51,56
807,12;51,56
807,73;51,56
808,35;51,56
808,97;51,56
809,59;51,50
810,20;51,50
810,82;51,50
811,44;51,50
812,06;51,50
812,67;51,44
813,29;51,44
813,91;51,44
814,53;51,44
815,14;51,44
815,76;51,44
816,38;51,44
816,99;51,44
817,61;51,44
818,23;51,44
818,85;51,38
819,46;51,44
820,08;51,38
820,70;51,38
821,32;51,38
821,93;51,38
822,55;51,38
823,17;51,38
823,78;51,31
824,40;51,31
825,02;51,31
825,64;51,31
826,25;51,31
826,87;51,31
827,49;51,31
828,11;51,25
828,72;51,31
829,34;51,25
829,96;51,25
830,58;51,25
831,19;51,25
831,81;51,25
832,43;51,25
833,04;51,25
833,66;51,19
834,28;51,19
834,90;51,19
835,51;51,19
836,13;51,19
836,75;51,19
837,37;51,19
837,98;51,19
838,60;51,19
839,22;51,19
839,84;51,13
840,45;51,19
841,07;51,13
841,69;51,19
842,30;51,13
842,92;51,13
843,54;51,13
844,16;51,13
844,77;51,13
845,39;51,06
846,01;51,06
846,63;51,06
847,24;51,06
847,86;51,00
848,48;51,00
849,10;50,94
849,71;50,88
850,33;50,88
850,95;50,81
851,57;50,75
852,18;50,75
852,80;50,69
853,42;50,63
854,03;50,56
854,65;50,50
855,27;50,44
855,89;50,38
856,50;50,25
857,12;50,19
857,74;50,13
858,36;50,00
858,97;49,88
859,59;49,81
860,21;49,69
860,83;49,69
861,44;49,56
862,06;49,50
862,68;49,44
863,30;49,38
863,91;49,31
864,53;49,31
865,15;49,25
865,77;49,19
866,38;49,13
867,00;49,13
867,62;49,06
868,24;49,00
868,85;49,00
869,47;48,94
870,09;48,94
870,71;48,88
871,32;48,81
871,94;48,81
872,56;48,81
873,18;48,75
873,79;48,75
874,41;48,69
875,03;48,63
875,65;48,63
876,26;48,63
876,88;48,56
877,50;48,56
878,12;48,50
878,73;48,50
879,35;48,44
879,97;48,44
880,59;48,44
881,20;48,44
881,82;48,38
882,44;48,38
883,06;48,38
883,67;48,38
884,29;48,38
884,91;48,38
885,53;48,31
886,14;48,31
886,76;48,31
887,38;48,31
888,00;48,25
888,61;48,25
889,23;48,25
889,85;48,25
890,47;48,25
891,08;48,19
891,70;48,19
892,32;48,19
892,94;48,19
893,55;48,19
894,17;48,13
894,79;48,13
895,41;48,13
896,02;48,13
896,64;48,13
897,26;48,13
897,88;48,13
898,49;48,13
899,11;48,13
899,73;48,13
900,35;48,13
900,96;48,13
901,58;48,06
902,20;48,06
902,82;48,06
903,43;48,06
904,05;48,06
904,67;48,06
905,29;48,06
905,91;48,00
906,52;48,06
907,14;48,00
907,76;48,00
908,38;48,00
908,99;48,00
909,61;48,00
910,23;48,00
910,84;48,00
911,46;48,00
912,08;48,00
912,70;48,00
913,32;48,00
913,93;48,00
914,55;47,94
915,17;47,94
915,78;47,94
916,40;47,94
917,02;47,94
917,64;47,94
918,26;47,94
918,87;48,00
919,49;47,94
920,11;47,94
920,72;47,94
921,34;47,94
921,96;47,94
922,58;47,94
923,20;47,94
923,81;47,94
924,43;47,88
925,05;47,88
925,66;47,88
926,28;47,88
926,90;47,88
927,52;47,88
928,14;47,88
928,75;47,88
929,37;47,88
929,99;47,88
930,61;47,88
931,22;47,88
931,84;47,88
932,46;47,88
933,08;47,88
933,69;47,88
934,31;47,88
934,93;47,88
935,55;47,88
936,16;47,88
936,78;47,88
937,40;47,88
938,02;47,88
938,63;47,88
939,25;47,88
939,87;47,88
940,49;47,88
941,10;47,81
941,72;47,81
942,34;47,81
942,96;47,81
943,57;47,81
944,19;47,81
944,81;47,88
945,43;47,81
946,04;47,81
946,66;47,81
947,28;47,81
947,90;47,81
948,52;47,81
949,13;47,81
949,75;47,81
950,37;47,81
950,98;47,81
951,60;47,81
952,22;47,81
952,84;47,81
953,45;47,81
954,07;47,81
954,69;47,75
955,31;47,81
955,92;47,81
956,54;47,81
957,16;47,81
957,78;47,81
958,39;47,81
959,01;47,75
959,63;47,75
960,25;47,75
960,86;47,81
961,48;47,75
962,10;47,75
962,72;47,75
963,34;47,75
963,95;47,75
964,57;47,75
965,19;47,75
965,80;47,75
966,42;47,75
967,04;47,75
967,66;47,75
968,28;47,75
968,89;47,75
969,51;47,75
970,13;47,75
970,75;47,75
971,36;47,75
971,98;47,75
972,60;47,75
973,22;47,75
973,83;47,69
974,45;47,69
975,07;47,69
975,68;47,75
976,30;47,69
976,92;47,75
977,54;47,69
978,16;47,69
978,77;47,69
979,39;47,69
980,01;47,69
980,63;47,69
981,24;47,69
981,86;47,69
982,48;47,69
983,10;47,69
983,71;47,69
984,33;47,69
984,95;47,69
985,57;47,69
986,18;47,69
986,80;47,63
987,42;47,69
988,04;47,69
988,65;47,69
989,27;47,63
989,89;47,63
990,51;47,63
991,12;47,63
991,74;47,63
992,36;47,63
992,98;47,63
993,59;47,63
994,21;47,63
994,83;47,63
995,45;47,63
996,06;47,63
996,68;47,63
997,30;47,63
997,92;47,63
998,53;47,63
999,15;47,63
999,77;47,63
1000,39;47,56
1001,01;47,63
1001,62;47,56
1002,24;47,56
1002,86;47,63
1003,47;47,56
1004,09;47,56
1004,71;47,56
1005,33;47,63
1005,95;47,56
1006,56;47,56
1007,18;47,56
1007,80;47,56
1008,41;47,56
1009,03;47,56
1009,65;47,56
1010,27;47,56
1010,89;47,56
1011,50;47,56
1012,12;47,56
1012,74;47,56
1013,35;47,56
1013,97;47,56
1014,59;47,56
1015,21;47,50
1015,83;47,50
1016,44;47,50
1017,06;47,50
1017,68;47,50
1018,29;47,50
1018,91;47,50
1019,53;47,50
1020,15;47,50
1020,77;47,50
1021,38;47,50
1022,00;47,50
1022,62;47,50
1023,24;47,50
1023,85;47,50
1024,47;47,50
1025,09;47,44
1025,71;47,50
1026,32;47,44
1026,94;47,44
1027,56;47,44
1028,18;47,44
1028,79;47,44
1029,41;47,44
1030,03;47,44
1030,65;47,44
1031,26;47,44
1031,88;47,44
1032,50;47,44
1033,12;47,44
1033,73;47,44
1034,35;47,44
1034,97;47,44
1035,59;47,38
1036,20;47,38
1036,82;47,44
1037,44;47,44
1038,06;47,38
1038,68;47,38
1039,29;47,44
1039,91;47,38
1040,53;47,38
1041,15;47,38
1041,76;47,38
1042,38;47,38
1043,00;47,38
1043,61;47,38
1044,23;47,38
1044,85;47,38
1045,47;47,38
1046,08;47,38
1046,70;47,31
1047,32;47,31
1047,94;47,31
1048,56;47,31
1049,17;47,31
1049,79;47,31
1050,41;47,31
1051,03;47,31
1051,64;47,31
1052,26;47,31
1052,88;47,31
1053,49;47,25
1054,11;47,31
1054,73;47,25
1055,35;47,25
1055,97;47,25
1056,58;47,25
1057,20;47,25
1057,82;47,25
1058,44;47,25
1059,05;47,25
1059,67;47,25
1060,29;47,25
1060,91;47,25
1061,52;47,25
1062,14;47,25
1062,76;47,25
1063,38;47,19
1063,99;47,25
1064,61;47,25
1065,23;47,19
1065,85;47,19
1066,46;47,19
1067,08;47,19
1067,70;47,19
1068,32;47,19
1068,94;47,19
1069,55;47,19
1070,17;47,19
1070,79;47,19
1071,41;47,19
1072,02;47,13
1072,64;47,13
1073,26;47,19
1073,88;47,13
1074,49;47,13
1075,11;47,13
1075,73;47,13
1076,35;47,13
1076,96;47,13
1077,58;47,13
1078,20;47,13
1078,82;47,13
1079,43;47,13
1080,05;47,13
1080,67;47,06
1081,29;47,06
1081,90;47,06
1082,52;47,06
1083,14;47,06
1083,76;47,06
1084,38;47,06
1084,99;47,06
1085,61;47,06
1086,23;47,06
1086,84;47,06
1087,46;47,06
1088,08;47,06
1088,70;47,06
1089,32;47,00
1089,93;47,00
1090,55;47,00
1091,17;47,00
1091,79;47,00
1092,40;47,00
1093,02;47,00
1093,64;47,00
1094,26;47,00
1094,87;47,00
1095,49;47,00
1096,11;46,94
1096,73;47,00
1097,34;46,94
1097,96;46,94
1098,58;46,94
1099,20;46,94
1099,81;46,94
1100,43;46,94
1101,05;46,94
1101,67;46,94
1102,29;46,94
1102,90;46,94
1103,52;46,88
1104,14;46,88
1104,76;46,88
1105,37;46,88
1105,99;46,88
1106,61;46,88
1107,22;46,88
1107,84;46,88
1108,46;46,88
1109,08;46,88
1109,70;46,88
1110,31;46,88
1110,93;46,88
1111,55;46,88
1112,17;46,81
1112,79;46,81
1113,40;46,81
1114,02;46,81
1114,64;46,81
1115,26;46,81
1115,87;46,81
1116,49;46,81
1117,11;46,75
1117,73;46,81
1118,34;46,75
1118,96;46,75
1119,58;46,75
1120,19;46,75
1120,81;46,75
1121,43;46,75
1122,05;46,75
1122,67;46,75
1123,28;46,75
1123,90;46,75
1124,52;46,75
1125,14;46,69
1125,75;46,69
1126,37;46,69
1126,99;46,69
1127,61;46,69
1128,22;46,69
1128,84;46,69
1129,46;46,69
1130,08;46,69
1130,70;46,69
1131,31;46,69
1131,93;46,69
1132,55;46,69
1133,17;46,69
1133,78;46,63
1134,40;46,63
1135,02;46,63
1135,64;46,63
1136,25;46,63
1136,87;46,63
1137,49;46,63
1138,11;46,63
1138,72;46,56
1139,34;46,56
1139,96;46,56
1140,58;46,56
1141,19;46,56
1141,81;46,56
1142,43;46,56
1143,05;46,56
1143,66;46,56
1144,28;46,56
1144,90;46,56
1145,52;46,56
1146,14;46,56
1146,75;46,50
1147,37;46,50
1147,99;46,50
1148,61;46,50
1149,22;46,50
1149,84;46,50
1150,46;46,50
1151,08;46,50
1151,69;46,44
1152,31;46,44
1152,93;46,50
1153,55;46,44
1154,17;46,44
1154,78;46,44
1155,40;46,44
1156,02;46,44
1156,63;46,44
1157,25;46,44
1157,87;46,44
1158,49;46,44
1159,10;46,44
1159,72;46,44
1160,34;46,44
1160,96;46,38
1161,57;46,44
1162,19;46,38
1162,81;46,38
1163,43;46,38
1164,05;46,38
1164,66;46,38
1165,28;46,38
1165,90;46,38
1166,52;46,38
1167,14;46,38
1167,75;46,38
1168,37;46,38
1168,99;46,38
1169,60;46,38
1170,22;46,38
1170,84;46,31
1171,46;46,31
1172,07;46,31
1172,69;46,31
1173,31;46,31
1173,93;46,31
1174,55;46,31
1175,16;46,31
1175,78;46,31
1176,40;46,31
1177,02;46,25
1177,63;46,25
1178,25;46,25
1178,87;46,25
1179,49;46,25
1180,10;46,25
1180,72;46,25
1181,34;46,25
1181,96;46,25
1182,57;46,25
1183,19;46,19
1183,81;46,25
1184,43;46,25
1185,04;46,19
1185,66;46,19
1186,28;46,19
1186,90;46,19
1187,52;46,19
1188,13;46,19
1188,75;46,19
1189,37;46,19
1189,99;46,19
1190,60;46,19
1191,22;46,19
1191,84;46,19
1192,46;46,19
1193,07;46,19
1193,69;46,13
1194,31;46,13
1194,93;46,13
1195,54;46,13
1196,16;46,13
1196,78;46,13
1197,40;46,13
1198,02;46,13
1198,63;46,13
1199,25;46,13
1199,87;46,13
1200,48;46,13
1201,10;46,06
1201,72;46,06
1202,34;46,06
1202,96;46,06
1203,57;46,06
1204,19;46,06
1204,81;46,06
1205,43;46,06
1206,04;46,06
1206,66;46,06
1207,28;46,06
1207,90;46,06
1208,51;46,06
1209,13;46,06
1209,75;46,00
1210,37;46,00
1210,98;46,00
1211,60;46,00
1212,22;46,00
1212,84;46,00
1213,46;46,00
1214,07;46,00
1214,69;46,00
1215,31;46,00
1215,93;46,00
1216,55;45,94
1217,16;45,94
1217,78;45,94
1218,40;45,94
1219,01;45,94
1219,63;45,94
1220,25;45,94
1220,87;45,94
1221,48;45,94
1222,10;45,94
1222,72;45,94
1223,34;45,94
1223,96;45,88
1224,57;45,88
1225,19;45,88
1225,81;45,88
1226,43;45,88
1227,05;45,88
1227,66;45,88
1228,28;45,88
1228,90;45,88
1229,52;45,88
1230,13;45,88
1230,75;45,88
1231,37;45,88
1231,98;45,88
1232,60;45,88
1233,22;45,81
1233,84;45,88
1234,46;45,81
1235,07;45,81
1235,69;45,81
1236,31;45,81
1236,93;45,81
1237,55;45,81
1238,16;45,81
1238,78;45,81
1239,40;45,81
1240,02;45,81
1240,63;45,81
1241,25;45,75
1241,87;45,75
1242,49;45,75
1243,10;45,75
1243,72;45,75
1244,34;45,75
1244,96;45,75
1245,57;45,75
1246,19;45,75
1246,81;45,75
1247,43;45,75
1248,05;45,75
1248,66;45,69
1249,28;45,69
1249,90;45,69
1250,52;45,69
1251,13;45,69
1251,75;45,69
1252,37;45,69
1252,99;45,69
1253,60;45,69
1254,22;45,69
1254,84;45,69
1255,46;45,69
1256,07;45,69
1256,69;45,69
1257,31;45,69
1257,93;45,69
1258,55;45,63
1259,16;45,69
1259,78;45,63
1260,40;45,69
1261,02;45,63
1261,63;45,63
1262,25;45,63
1262,87;45,63
1263,49;45,63
1264,10;45,63
1264,72;45,63
1265,34;45,63
1265,96;45,63
1266,58;45,63
1267,19;45,63
1267,81;45,63
1268,43;45,63
1269,05;45,63
1269,67;45,56
1270,28;45,56
1270,90;45,56
1271,52;45,56
1272,13;45,56
1272,75;45,56
1273,37;45,56
1273,99;45,56
1274,60;45,50
1275,22;45,56
1275,84;45,50
1276,46;45,50
1277,08;45,50
1277,69;45,50
1278,31;45,50
1278,93;45,50
1279,55;45,50
1280,17;45,50
1280,78;45,50
1281,40;45,50
1282,02;45,50
1282,64;45,50
1283,25;45,44
1283,87;45,50
1284,49;45,44
1285,11;45,44
1285,72;45,44
1286,34;45,44
1286,96;45,44
1287,58;45,44
1288,19;45,44
1288,81;45,44
1289,43;45,44
1290,05;45,44
1290,67;45,44
1291,28;45,44
1291,90;45,38
1292,52;45,38
1293,14;45,38
1293,75;45,38
1294,37;45,38
1294,99;45,38
1295,61;45,38
1296,22;45,38
1296,84;45,38
1297,46;45,38
1298,08;45,31
1298,69;45,31
1299,31;45,31
1299,93;45,31
1300,55;45,31
1301,17;45,31
1301,78;45,31
1302,40;45,31
1303,02;45,31
1303,64;45,31
1304,25;45,25
1304,87;45,31
1305,49;45,25
1306,11;45,25
1306,72;45,25
1307,34;45,25
1307,96;45,25
1308,58;45,25
1309,19;45,25
1309,81;45,25
1310,43;45,25
1311,05;45,25
1311,67;45,25
1312,28;45,25
1312,90;45,25
1313,52;45,25
1314,14;45,25
1314,75;45,19
1315,37;45,19
1315,99;45,19
1316,61;45,19
1317,22;45,19
1317,84;45,19
1318,46;45,19
1319,08;45,19
1319,70;45,19
1320,31;45,19
1320,93;45,19
1321,55;45,19
1322,17;45,19
1322,79;45,13
1323,40;45,13
1324,02;45,13
1324,64;45,13
1325,26;45,13
1325,87;45,13
1326,49;45,13
1327,11;45,13
1327,72;45,13
1328,34;45,13
1328,96;45,13
1329,58;45,06
1330,20;45,06
1330,81;45,06
1331,43;45,06
1332,05;45,13
1332,67;45,06
1333,29;45,06
1333,90;45,13
1334,52;45,06
1335,14;45,06
1335,76;45,06
1336,37;45,06
1336,99;45,06
1337,61;45,06
1338,23;45,06
1338,84;45,06
1339,46;45,06
1340,08;45,06
1340,70;45,06
1341,31;45,00
1341,93;45,00
1342,55;45,00
1343,17;45,00
1343,79;45,00
1344,40;45,00
1345,02;45,00
1345,64;45,00
1346,26;45,00
1346,87;45,00
1347,49;45,00
1348,11;45,00
1348,73;45,00
1349,34;45,00
1349,96;44,94
1350,58;45,00
1351,20;44,94
1351,82;44,94
1352,43;44,94
1353,05;44,94
1353,67;44,94
1354,29;44,94
1354,90;44,94
1355,52;44,94
1356,14;44,94
1356,76;44,94
1357,38;44,88
1357,99;44,94
1358,61;44,88
1359,23;44,88
1359,85;44,88
1360,46;44,88
1361,08;44,88
1361,70;44,88
1362,32;44,88
1362,94;44,88
1363,55;44,88
1364,17;44,88
1364,79;44,81
1365,41;44,81
1366,02;44,81
1366,64;44,88
1367,26;44,81
1367,88;44,81
1368,49;44,81
1369,11;44,81
1369,73;44,81
1370,35;44,81
1370,96;44,81
1371,58;44,81
1372,20;44,81
1372,82;44,81
1373,44;44,81
1374,05;44,81
1374,67;44,81
1375,29;44,75
1375,91;44,81
1376,52;44,75
1377,14;44,75
1377,76;44,75
1378,38;44,75
1379,00;44,75
1379,61;44,75
1380,23;44,75
1380,85;44,75
1381,47;44,75
1382,08;44,75
1382,70;44,75
1383,32;44,69
1383,94;44,69
1384,56;44,69
1385,17;44,69
1385,79;44,75
1386,41;44,69
1387,03;44,69
1387,64;44,69
1388,26;44,69
1388,88;44,69
1389,50;44,69
1390,11;44,69
1390,73;44,69
1391,35;44,69
1391,97;44,63
1392,59;44,63
1393,20;44,63
1393,82;44,63
1394,44;44,63
1395,06;44,63
1395,67;44,63
1396,29;44,63
1396,91;44,63
1397,53;44,63
1398,15;44,63
1398,76;44,63
1399,38;44,63
1400,00;44,63
1400,62;44,56
1401,23;44,63
1401,85;44,56
1402,47;44,56
1403,09;44,56
1403,70;44,56
1404,32;44,56
1404,94;44,56
1405,56;44,56
1406,18;44,56
1406,79;44,56
1407,41;44,56
1408,03;44,50
1408,65;44,50
1409,26;44,50
1409,88;44,50
1410,50;44,50
1411,12;44,50
1411,73;44,50
1412,35;44,50
1412,97;44,50
1413,59;44,50
1414,21;44,50
1414,82;44,50
1415,44;44,50
1416,06;44,50
1416,68;44,50
1417,30;44,44
1417,91;44,44
1418,53;44,44
1419,15;44,44
1419,77;44,50
1420,38;44,50
1421,00;44,44
1421,62;44,44
1422,24;44,44
1422,85;44,44
1423,47;44,44
1424,09;44,44
1424,71;44,44
1425,33;44,44
1425,94;44,44
1426,56;44,38
1427,18;44,44
1427,80;44,44
1428,41;44,44
1429,03;44,44
1429,65;44,38
1430,27;44,44
1430,89;44,38
1431,50;44,38
1432,12;44,38
1432,74;44,38
1433,36;44,38
1433,97;44,38
1434,59;44,38
1435,21;44,38
1435,83;44,38
1436,45;44,38
1437,06;44,38
1437,68;44,31
1438,30;44,38
1438,92;44,31
1439,53;44,31
1440,15;44,31
1440,77;44,31
1441,39;44,31
1442,01;44,31
1442,62;44,31
1443,24;44,31
1443,86;44,31
1444,48;44,31
1445,09;44,31
1445,71;44,25
1446,33;44,31
1446,95;44,25
1447,56;44,25
1448,18;44,25
1448,80;44,25
1449,42;44,25
1450,04;44,25
1450,65;44,25
1451,27;44,25
1451,89;44,25
1452,51;44,25
1453,12;44,25
1453,74;44,25
1454,36;44,25
1454,98;44,25
1455,59;44,25
1456,21;44,19
1456,83;44,19
1457,45;44,19
1458,07;44,19
1458,68;44,19
1459,30;44,19
1459,92;44,19
1460,54;44,19
1461,16;44,19
1461,77;44,19
1462,39;44,19
1463,01;44,19
1463,63;44,19
1464,24;44,13
1464,86;44,13
1465,48;44,19
1466,10;44,13
1466,71;44,13
1467,33;44,13
1467,95;44,13
1468,57;44,13
1469,19;44,13
1469,80;44,13
1470,42;44,13
1471,04;44,13
1471,66;44,13
1472,27;44,06
1472,89;44,13
1473,51;44,06
1474,13;44,06
1474,74;44,06
1475,36;44,06
1475,98;44,06
1476,60;44,06
1477,22;44,06
1477,83;44,06
1478,45;44,06
1479,07;44,06
1479,69;44,00
1480,31;44,06
1480,92;44,06
1481,54;44,00
1482,16;44,00
1482,78;44,00
1483,39;44,00
1484,01;44,00
1484,63;44,00
1485,25;44,00
1485,86;44,00
1486,48;44,00
1487,10;44,00
1487,72;44,00
1488,34;44,00
1488,95;43,94
1489,57;44,00
1490,19;44,00
1490,81;44,00
1491,42;44,00
1492,04;43,94
1492,66;43,94
1493,28;44,00
1493,90;43,94
1494,51;43,94
1495,13;43,94
1495,75;43,94
1496,37;43,94
1496,98;43,94
1497,60;43,94
1498,22;43,94
1498,84;43,94
1499,45;43,94
1500,07;43,94
1500,69;43,94
1501,31;43,94
1501,93;43,94
1502,54;43,88
1503,16;43,88
1503,78;43,88
1504,40;43,88
1505,02;43,88
1505,63;43,88
1506,25;43,88
1506,87;43,88
1507,49;43,88
1508,10;43,81
1508,72;43,88
1509,34;43,81
1509,96;43,88
1510,57;43,81
1511,19;43,81
1511,81;43,81
1512,43;43,81
1513,05;43,81
1513,66;43,81
1514,28;43,81
1514,90;43,81
1515,52;43,81
1516,14;43,81
1516,75;43,81
1517,37;43,81
1517,99;43,75
1518,61;43,75
1519,22;43,81
1519,84;43,75
1520,46;43,75
1521,08;43,75
1521,69;43,75
1522,31;43,75
1522,93;43,75
1523,55;43,75
1524,17;43,75
1524,78;43,75
1525,40;43,75
1526,02;43,75
1526,64;43,69
1527,26;43,75
1527,87;43,69
1528,49;43,75
1529,11;43,69
1529,73;43,69
1530,34;43,69
1530,96;43,69
1531,58;43,69
1532,20;43,69
1532,81;43,69
1533,43;43,69
1534,05;43,69
1534,67;43,69
1535,29;43,69
1535,90;43,69
1536,52;43,69
1537,14;43,69
1537,76;43,69
1538,37;43,63
1538,99;43,63
1539,61;43,63
1540,23;43,63
1540,85;43,63
1541,46;43,63
1542,08;43,63
1542,70;43,63
1543,32;43,63
1543,94;43,63
1544,55;43,63
1545,17;43,63
1545,79;43,63
1546,41;43,63
1547,02;43,63
1547,64;43,63
1548,26;43,56
1548,88;43,56
1549,49;43,56
1550,11;43,56
1550,73;43,56
1551,35;43,56
1551,97;43,56
1552,58;43,56
1553,20;43,56
1553,82;43,56
1554,44;43,56
1555,06;43,56
1555,67;43,56
1556,29;43,50
1556,91;43,56
1557,53;43,50
1558,15;43,50
1558,76;43,50
1559,38;43,50
1560,00;43,50
1560,62;43,50
1561,23;43,50
1561,85;43,50
1562,47;43,50
1563,09;43,50
1563,70;43,44
1564,32;43,50
1564,94;43,44
1565,56;43,44
1566,18;43,44
1566,80;43,44
1567,41;43,44
1568,03;43,44
1568,65;43,44
1569,27;43,44
1569,88;43,44
1570,50;43,44
1571,12;43,44
1571,74;43,44
1572,35;43,44
1572,97;43,38
1573,59;43,38
1574,21;43,38
1574,83;43,38
1575,44;43,38
1576,06;43,44
1576,68;43,38
1577,30;43,38
1577,92;43,38
1578,53;43,38
1579,15;43,38
1579,77;43,38
1580,39;43,38
1581,00;43,38
1581,62;43,38
1582,24;43,38
1582,86;43,38
1583,48;43,38
1584,09;43,31
1584,71;43,31
1585,33;43,38
1585,95;43,31
1586,56;43,31
1587,18;43,31
1587,80;43,31
1588,42;43,31
1589,04;43,31
1589,65;43,31
1590,27;43,31
1590,89;43,31
1591,51;43,31
1592,12;43,31
1592,74;43,31
1593,36;43,31
1593,98;43,31
1594,60;43,31
1595,21;43,31
1595,83;43,31
1596,45;43,25
1597,07;43,25
1597,69;43,31
1598,30;43,25
1598,92;43,25
1599,54;43,25
1600,16;43,25
1600,77;43,25
1601,39;43,25
1602,01;43,25
1602,63;43,19
1603,24;43,25
1603,86;43,19
1604,48;43,19
1605,10;43,25
1605,72;43,19
1606,33;43,19
1606,95;43,19
1607,57;43,19
1608,19;43,19
1608,81;43,19
1609,42;43,19
1610,04;43,19
1610,66;43,19
1611,28;43,19
1611,90;43,19
1612,51;43,19
1613,13;43,19
1613,75;43,19
1614,37;43,13
1614,98;43,19
1615,60;43,13
1616,22;43,13
1616,84;43,13
1617,45;43,13
1618,07;43,13
1618,69;43,13
1619,31;43,13
1619,93;43,13
1620,54;43,13
1621,16;43,13
1621,78;43,13
1622,40;43,13
1623,02;43,13
1623,63;43,13
1624,25;43,06
1624,87;43,06
1625,49;43,06
1626,10;43,06
1626,72;43,06
1627,34;43,06
1627,96;43,06
1628,58;43,06
1629,19;43,06
1629,81;43,06
1630,43;43,06
1631,05;43,06
1631,66;43,06
1632,28;43,06
1632,90;43,06
1633,52;43,06
1634,14;43,06
1634,75;43,00
1635,37;43,00
1635,99;43,00
1636,61;43,00
1637,22;43,00
1637,84;43,00
1638,46;43,00
1639,08;43,00
1639,70;43,00
1640,31;43,00
1640,93;43,00
1641,55;43,00
1642,17;43,00
1642,79;43,00
1643,40;43,00
1644,02;43,00
1644,64;42,94
1645,26;42,94
1645,87;43,00
1646,49;42,94
1647,11;42,94
1647,73;42,94
1648,34;42,94
1648,96;42,94
1649,58;42,94
1650,20;42,94
1650,82;42,94
1651,43;42,94
1652,05;42,94
1652,67;42,94
1653,29;42,94
1653,91;42,94
1654,52;42,94
1655,14;42,94
1655,76;42,94
1656,38;42,88
1656,99;42,88
1657,61;42,88
1658,23;42,88
1658,85;42,88
1659,47;42,88
1660,08;42,88
1660,70;42,88
1661,32;42,88
1661,94;42,88
1662,56;42,88
1663,17;42,88
1663,79;42,88
1664,41;42,88
1665,03;42,81
1665,64;42,88
1666,26;42,81
1666,88;42,81
1667,50;42,81
1668,11;42,81
1668,73;42,81
1669,35;42,81
1669,97;42,81
1670,59;42,81
1671,20;42,81
1671,82;42,81
1672,44;42,81
1673,06;42,75
1673,68;42,81
1674,29;42,81
1674,91;42,81
1675,53;42,75
1676,15;42,75
1676,77;42,75
1677,38;42,81
1678,00;42,75
1678,62;42,75
1679,24;42,75
1679,85;42,75
1680,47;42,75
1681,09;42,75
1681,71;42,75
1682,33;42,75
1682,94;42,75
1683,56;42,75
1684,18;42,69
1684,80;42,75
1685,42;42,75
1686,03;42,69
1686,65;42,69
1687,27;42,69
1687,89;42,69
1688,50;42,75
1689,12;42,69
1689,74;42,69
1690,36;42,69
1690,98;42,69
1691,59;42,69
1692,21;42,69
1692,83;42,69
1693,45;42,69
1694,06;42,69
1694,68;42,69
1695,30;42,69
1695,92;42,69
1696,54;42,63
1697,16;42,69
1697,77;42,63
1698,39;42,69
1699,01;42,63
1699,63;42,63
1700,24;42,63
1700,86;42,63
1701,48;42,63
1702,10;42,63
1702,71;42,63
1703,33;42,63
1703,95;42,63
1704,57;42,63
1705,19;42,63
1705,81;42,56
1706,42;42,63
1707,04;42,63
1707,66;42,56
1708,28;42,56
1708,89;42,56
1709,51;42,56
1710,13;42,56
1710,75;42,56
1711,37;42,56
1711,98;42,56
1712,60;42,56
1713,22;42,50
1713,84;42,56
1714,45;42,56
1715,07;42,50
1715,69;42,50
1716,31;42,56
1716,93;42,50
1717,54;42,56
1718,16;42,50
1718,78;42,50
1719,40;42,50
1720,02;42,50
1720,63;42,50
1721,25;42,50
1721,87;42,50
1722,49;42,50
1723,10;42,50
1723,72;42,50
1724,34;42,50
1724,96;42,44
1725,58;42,50
1726,19;42,44
1726,81;42,50
1727,43;42,44
1728,05;42,44
1728,67;42,44
1729,28;42,44
1729,90;42,44
1730,52;42,44
1731,14;42,44
1731,76;42,44
1732,37;42,44
1732,99;42,44
1733,61;42,44
1734,23;42,44
1734,84;42,44
1735,46;42,44
1736,08;42,44
1736,70;42,44
1737,32;42,44
1737,94;42,38
1738,55;42,38
1739,17;42,38
1739,79;42,38
1740,41;42,38
1741,02;42,38
1741,64;42,38
1742,26;42,38
1742,88;42,38
1743,49;42,38
1744,11;42,38
1744,73;42,38
1745,35;42,38
1745,97;42,38
1746,58;42,38
1747,20;42,38
1747,82;42,38
1748,44;42,38
1749,06;42,31
1749,67;42,31
1750,29;42,31
1750,91;42,31
1751,53;42,31
1752,15;42,31
1752,76;42,31
1753,38;42,31
1754,00;42,31
1754,62;42,31
1755,23;42,31
1755,85;42,31
1756,47;42,31
1757,09;42,31
1757,71;42,31
1758,32;42,31
1758,94;42,25
1759,56;42,25
1760,18;42,25
1760,80;42,25
1761,41;42,25
1762,03;42,25
1762,65;42,25
1763,27;42,25
1763,89;42,25
1764,50;42,25
1765,12;42,25
1765,74;42,25
1766,36;42,25
1766,97;42,25
1767,59;42,25
1768,21;42,19
1768,83;42,19
1769,45;42,19
1770,06;42,19
1770,68;42,19
1771,30;42,19
1771,92;42,19
1772,54;42,19
1773,15;42,19
1773,77;42,19
1774,39;42,19
1775,01;42,19
1775,63;42,19
1776,24;42,19
1776,86;42,19
